user_id,ground_truth,prediction,reason
35,129,"[9, 130, 130, 130, 130, 130, 130, 130, 130, 130]","Based on the user's historical stays, they have frequently visited place 9 and place 130. Additionally, in the context stays, the user has recently visited place 130 multiple times. Considering the temporal information of the target stay (Saturday at 03:55 AM), it is likely that the user will visit either place 9 or place 130 next."
35,130,"[9, 130, 22, 130, 130, 9, 9, 9, 9, 9]","Based on the user's historical stays, the most frequently visited places are 9, 130, and 22. Considering the temporal information of the target stay (05:02 AM on a Saturday), it is likely that the user will visit one of these familiar places again. Additionally, the recent context stays in <context> also include place IDs 130 and 22, further supporting the prediction."
35,130,"[9, 130, 130, 130, 130, 130, 130, 130, 130, 130]","Based on the user's historical stays, they have frequently visited place 9 and place 130. Additionally, in the recent context stays, they have also visited place 130 multiple times. Considering the temporal information of the target stay (Saturday afternoon), it is likely that the user will visit place 9 or place 130 again."
35,9,"[9, 130, 130, 130, 130, 130, 130, 130, 130, 130]","Based on the user's historical stays, they have visited place 9 multiple times on Fridays and Saturdays. Additionally, in the context stays, they have visited place 9 recently on Monday. Considering the temporal information of the target stay (Saturday morning), it is likely that the user will visit place 9 again."
35,17,"[9, 130, 130, 130, 130, 130, 130, 130, 130, 130]","Based on the user's historical stays, they have visited place 9 multiple times on Fridays and Saturdays. Additionally, in the context stays, they have visited place 9 recently on Monday and Wednesday. Considering the temporal information of the target stay (Saturday afternoon), it is likely that the user will visit place 9 again."
35,9,"[9, 130, 675, 668, 667, 666, 672, 673, 674, 671]","Based on the user's historical stays and recent context stays, the most likely next places for the user are places 9, 130, 675, 668, 667, 666, 672, 673, 674, and 671. These places have been visited frequently by the user in the past, and the recent context stays also suggest a high probability of visiting these places again. Additionally, the temporal information of the target stay (Sunday morning) aligns with the user's previous patterns of visiting these places during similar times and days of the week."
